71, Q, 4, 56
29, a, 1, 69
1, Y, 37, 40
71, E, 36, 45
53, h, 67, 76
71, n, 29, 27
44, e, 7, 61
12, V, 40, 1
94, D, 69, 24
59, K, 21, 93
33, B, 63, 20
99, o, 19, 99
4, t, 5, 85
72, O, 89, 26
32, h, 70, 69
93, L, 66, 84
90, D, 56, 77
19, Z, 56, 31
26, G, 59, 6
89, U, 89, 27
24, p, 59, 20
76, n, 0, 20
31, l, 80, 47
73, i, 63, 80
9, Z, 88, 73
61, U, 81, 76
90, C, 12, 51
0, K, 8, 36
71, U, 80, 56
3, a, 14, 69
88, X, 66, 85
10, E, 76, 83
37, t, 71, 25
8, T, 55, 13
87, b, 7, 71
39, g, 31, 68
73, Z, 12, 27
17, o, 82, 15
30, M, 13, 31
86, B, 64, 6
89, U, 62, 99
91, T, 25, 48
89, L, 82, 99
3, X, 56, 18
90, r, 45, 82
91, f, 1, 49
17, x, 47, 59
31, v, 86, 43
98, a, 97, 33
22, X, 39, 47
83, Y, 42, 33
52, c, 73, 93
67, K, 44, 65
55, r, 90, 82
80, j, 45, 58
14, D, 51, 94
24, h, 86, 53
14, N, 54, 36
78, u, 61, 4
59, v, 11, 90
21, W, 85, 60
12, W, 4, 76
56, V, 63, 22
65, s, 9, 48
53, j, 96, 99
84, k, 28, 4
48, q, 71, 91
53, h, 8, 22
21, g, 90, 77
90, g, 4, 28
22, M, 29, 59
95, B, 63, 41
6, u, 61, 60
63, d, 72, 67
68, h, 29, 30
60, v, 88, 42
38, b, 76, 12
99, I, 5, 69
56, R, 8, 18
63, X, 98, 67
72, s, 55, 82
28, W, 18, 30
38, Q, 16, 39
55, O, 62, 52
15, M, 67, 98
18, t, 24, 7
92, l, 97, 94
80, p, 52, 38
41, m, 57, 19
24, W, 31, 26
0, V, 28, 82
40, Z, 47, 84
1, r, 83, 81
32, p, 26, 73
0, I, 4, 86
22, N, 26, 70
0, c, 44, 32
98, a, 98, 33
63, h, 1, 45
24, v, 65, 7
31, C, 89, 34
87, I, 43, 17
13, z, 38, 51
14, e, 99, 54
15, r, 98, 54
6, V, 1, 59
31, P, 23, 64
93, S, 39, 82
30, e, 4, 67
73, z, 94, 67
47, F, 81, 64
16, u, 52, 67
84, S, 57, 71
25, r, 50, 65
77, c, 46, 4
55, F, 33, 99
1, c, 8, 56
76, O, 87, 16
43, x, 53, 48
14, k, 55, 85
54, s, 5, 66
21, h, 3, 64
15, B, 70, 24
68, T, 98, 62
28, Y, 64, 29
24, q, 53, 80
39, c, 39, 51
97, e, 6, 29
24, f, 12, 41
97, e, 35, 68
74, n, 64, 14
8, m, 24, 6
59, a, 20, 6
48, m, 38, 6
63, V, 75, 39
60, A, 95, 69
66, i, 16, 31
13, k, 12, 45
20, M, 26, 1
46, C, 1, 18
94, V, 98, 3
51, X, 32, 96
39, K, 81, 4
5, p, 52, 43
27, N, 83, 59
30, L, 95, 57
70, M, 13, 24
53, Q, 82, 87
44, I, 20, 73
99, K, 0, 27
20, L, 5, 25
52, q, 30, 88
64, G, 72, 45
37, u, 1, 4
2, Y, 43, 53
3, R, 43, 5
30, V, 34, 100
6, p, 80, 80
42, T, 43, 18
91, o, 99, 48
85, i, 9, 18
10, d, 60, 13
46, t, 95, 78
44, g, 83, 53
6, O, 54, 61
19, H, 21, 65
12, W, 74, 35
49, h, 36, 79
64, x, 3, 70
13, i, 63, 49
65, S, 5, 52
41, s, 84, 42
58, m, 89, 47
82, G, 44, 97
53, c, 51, 94
38, S, 60, 37
30, v, 57, 75
49, j, 100, 15
19, e, 18, 61
86, X, 55, 21
25, C, 60, 6
4, S, 0, 50
10, V, 61, 24
93, p, 69, 84
54, F, 36, 23
52, F, 37, 79
91, d, 60, 92
28, C, 27, 66
73, r, 58, 47
17, r, 84, 59
82, g, 38, 16
0, d, 90, 75
65, T, 25, 40
45, x, 20, 42
58, Q, 86, 100
31, V, 18, 44
97, e, 11, 79
95, R, 74, 90
71, P, 87, 86
64, K, 11, 72
75, D, 30, 8
72, V, 4, 86
58, b, 84, 53
93, h, 35, 26
19, j, 46, 38
45, E, 87, 99
48, k, 1, 27
14, z, 43, 98
20, s, 18, 84
42, W, 80, 51
57, G, 98, 94
5, u, 62, 74
48, v, 4, 4
41, q, 21, 72
41, z, 91, 34
63, L, 10, 24
19, M, 84, 98
18, S, 87, 80
81, l, 17, 38
21, m, 63, 21
34, z, 45, 14
72, F, 5, 64
52, i, 6, 30
30, u, 84, 97
35, C, 13, 68
50, M, 84, 28
67, t, 97, 62
59, j, 16, 33
87, K, 87, 11
71, Y, 74, 70
32, z, 54, 38
11, S, 48, 77
3, Y, 79, 87
37, m, 96, 93
77, t, 45, 86
85, Y, 43, 52
39, q, 48, 50
8, L, 22, 100
45, j, 18, 4
19, B, 16, 3
55, S, 95, 47
58, P, 53, 81
83, Q, 8, 56
47, j, 41, 43
57, o, 64, 78
24, u, 67, 86
47, I, 58, 71
51, t, 77, 40
13, X, 1, 65
66, I, 68, 38
6, m, 20, 18
49, q, 15, 26
36, h, 64, 91
18, p, 99, 21
80, Y, 35, 25
84, S, 54, 12
2, F, 31, 28
48, r, 4, 68
16, z, 27, 61
93, L, 49, 16
24, L, 69, 17
70, B, 53, 43
64, F, 10, 42
99, M, 65, 36
46, W, 86, 29
3, F, 0, 87
21, D, 78, 49
99, k, 11, 58
89, E, 77, 26
88, u, 90, 31
38, Z, 92, 68
42, R, 87, 98
28, t, 58, 45
56, A, 40, 12
43, g, 77, 50
7, F, 27, 90
80, c, 65, 52
51, k, 50, 34
42, c, 73, 65
59, W, 70, 22
56, h, 39, 32
3, h, 24, 73
83, D, 93, 90
80, d, 28, 23
65, G, 39, 47
51, W, 62, 13
6, x, 47, 89
22, T, 25, 63
31, S, 37, 82
98, m, 16, 1
68, a, 58, 83
72, k, 70, 75
11, m, 44, 2
60, d, 52, 24
18, C, 85, 100
10, Q, 22, 63
61, v, 59, 96
78, v, 58, 33
38, G, 12, 45
91, i, 74, 84
46, X, 97, 74
1, A, 37, 80
10, F, 42, 73
80, u, 50, 77
95, W, 50, 71
35, f, 19, 59
45, N, 19, 15
11, H, 93, 68
20, p, 82, 21
21, y, 39, 97
78, D, 25, 5
39, K, 72, 36
99, R, 48, 89
87, U, 77, 9
42, Z, 39, 15
12, e, 0, 1
16, M, 42, 77
50, v, 60, 55
53, S, 42, 60
17, I, 87, 38
71, A, 3, 22
10, U, 91, 31
68, s, 98, 98
15, s, 35, 23
56, a, 23, 47
67, O, 85, 0
28, n, 15, 96
85, j, 62, 99
28, i, 73, 53
38, d, 61, 40
91, c, 48, 48
74, A, 96, 81
17, v, 18, 40
99, X, 57, 49
80, Y, 95, 28
19, m, 22, 15
36, G, 55, 82
59, j, 51, 51
22, g, 0, 91
25, D, 67, 98
6, c, 22, 93
97, L, 99, 64
75, v, 29, 61
39, c, 12, 46
21, A, 15, 11
14, H, 48, 59
100, E, 56, 48
90, u, 64, 35
65, Q, 79, 48
66, r, 57, 93
70, X, 52, 43
9, Y, 35, 5
20, L, 53, 37
30, O, 49, 63
69, M, 76, 48
59, x, 57, 46
22, J, 87, 58
80, z, 90, 100
38, d, 27, 59
63, m, 67, 71
11, s, 93, 88
99, g, 51, 8
29, c, 14, 80
38, b, 91, 36
61, J, 2, 41
9, x, 34, 59
2, P, 15, 2
24, d, 14, 5
21, L, 67, 58
50, C, 70, 55
72, m, 54, 42
62, B, 33, 100
3, D, 90, 22
0, e, 97, 74
49, O, 59, 19
83, r, 81, 39
41, e, 59, 66
66, Q, 54, 81
62, G, 9, 45
95, X, 44, 98
40, A, 89, 36
57, b, 26, 99
31, V, 91, 30
81, t, 3, 23
96, P, 16, 67
33, Y, 40, 19
30, B, 37, 82
39, e, 88, 0
3, H, 57, 4
26, G, 59, 45
14, b, 24, 54
49, e, 18, 15
37, F, 79, 83
72, Y, 100, 28
7, i, 72, 62
10, k, 63, 17
72, H, 87, 62
38, f, 85, 95
27, O, 76, 68
16, Z, 83, 76
19, t, 24, 93
32, V, 40, 63
17, I, 78, 28
7, r, 91, 87
4, Z, 63, 56
3, M, 83, 59
61, x, 32, 53
70, y, 38, 62
27, Y, 70, 19
45, u, 65, 71
48, y, 33, 94
9, A, 51, 13
44, m, 75, 48
57, I, 71, 12
74, K, 63, 91
83, E, 44, 8
74, o, 71, 21
64, V, 42, 41
3, W, 54, 61
76, B, 95, 53
43, M, 55, 8
69, s, 60, 60
44, b, 73, 58
34, h, 89, 3
3, F, 7, 74
89, M, 30, 71
18, e, 1, 44
33, D, 37, 79
73, S, 94, 33
42, d, 17, 43
38, i, 15, 92
87, s, 91, 45
19, Y, 4, 94
39, Y, 83, 90
18, L, 92, 29
61, B, 74, 59
17, z, 98, 62
79, U, 22, 78
2, U, 26, 70
17, L, 11, 11
9, O, 60, 87
60, Y, 79, 43
60, i, 23, 19
71, w, 90, 71
19, n, 7, 71
68, X, 77, 55
47, D, 98, 92
86, J, 18, 62
8, N, 8, 1
24, S, 99, 74
10, E, 60, 87
53, S, 82, 81
4, s, 19, 66
78, X, 46, 62
31, w, 94, 20
26, F, 9, 20
31, J, 48, 63
0, P, 46, 36
29, P, 79, 40
45, p, 2, 90
56, f, 64, 17
58, s, 31, 64
75, s, 95, 65
33, i, 34, 10
10, T, 22, 47
34, N, 12, 98
86, r, 27, 64
79, a, 1, 24
29, v, 9, 2
62, I, 80, 24
85, h, 67, 54
56, H, 32, 34
10, I, 10, 38
4, S, 82, 77
23, z, 43, 9
12, S, 65, 67
31, H, 87, 18
26, L, 15, 1
80, F, 11, 90
59, I, 29, 74
97, X, 43, 49
8, i, 56, 64
28, e, 73, 5
19, v, 38, 21
16, L, 92, 8
48, O, 86, 9
31, x, 88, 69
73, t, 52, 6
24, A, 44, 87
11, k, 71, 95
34, R, 29, 36
94, i, 61, 67
95, R, 10, 28
37, w, 50, 21
49, P, 51, 48
90, H, 13, 12
8, r, 90, 96
93, I, 56, 84
18, I, 46, 46
44, O, 13, 95
96, S, 91, 15
22, e, 28, 88
76, p, 24, 79
79, d, 25, 8
33, X, 15, 54
89, f, 23, 12
28, D, 43, 56
77, P, 45, 5
82, F, 19, 78
72, Y, 75, 65
54, a, 17, 70
48, E, 21, 100
78, W, 81, 73
89, Q, 49, 22
31, t, 51, 58
96, E, 84, 3
67, L, 22, 85
89, c, 56, 0
14, F, 46, 65
31, h, 31, 9
17, a, 45, 53
73, K, 51, 3
80, U, 88, 64
35, i, 71, 100
23, v, 98, 97
6, F, 86, 16
49, A, 94, 22
78, x, 55, 49
37, x, 40, 22
35, q, 86, 63
15, p, 88, 90
78, A, 74, 18
40, p, 0, 27
73, B, 28, 64
26, q, 27, 48
84, B, 59, 37
89, U, 25, 61
8, t, 74, 5
33, U, 83, 93
60, g, 73, 7
5, c, 83, 75
57, U, 98, 6
74, U, 0, 60
29, v, 40, 29
57, B, 32, 64
46, k, 43, 53
27, Y, 63, 17
6, C, 45, 43
22, L, 32, 35
62, q, 3, 14
76, Y, 38, 33
82, U, 50, 52
38, F, 2, 53
73, g, 93, 14
54, h, 41, 4
99, c, 6, 93
78, D, 41, 62
56, S, 78, 93
89, S, 45, 40
33, t, 38, 74
1, N, 44, 59
100, z, 4, 95
16, D, 52, 91
45, o, 60, 14
76, f, 66, 43
52, P, 62, 92
69, C, 63, 96
57, G, 52, 52
1, t, 77, 55
41, f, 42, 27
90, I, 99, 52
37, P, 97, 7
25, v, 43, 32
14, M, 0, 21
74, V, 80, 94
32, P, 100, 69
46, p, 98, 3
64, O, 16, 20
69, T, 5, 88
96, a, 88, 32
81, S, 62, 45
82, S, 98, 49
41, Z, 34, 97
9, V, 84, 54
6, N, 100, 66
85, u, 53, 28
12, X, 60, 46
76, H, 76, 7
36, x, 2, 93
4, W, 97, 15
33, c, 46, 41
43, r, 44, 35
43, o, 30, 39
33, w, 75, 64
79, X, 80, 26
1, o, 44, 45
48, L, 51, 32
81, g, 32, 83
27, O, 29, 73
23, l, 32, 23
84, c, 64, 23
25, J, 30, 74
8, o, 62, 3
8, s, 92, 32
74, B, 50, 74
5, x, 81, 39
70, p, 85, 50
61, n, 42, 49
96, P, 90, 81
71, O, 17, 35
1, F, 44, 40
10, O, 37, 63
72, A, 39, 80
27, z, 94, 5
13, O, 0, 18
80, q, 98, 8
60, E, 77, 81
15, W, 34, 8
11, o, 67, 85
77, E, 44, 20
36, G, 61, 42
88, F, 91, 64
64, I, 58, 25
12, H, 22, 94
4, r, 72, 76
68, D, 82, 65
66, N, 28, 85
52, v, 31, 31
36, E, 41, 4
80, j, 9, 87
91, V, 39, 20
49, A, 82, 70
76, F, 3, 26
57, X, 52, 31
30, t, 61, 65
60, C, 87, 28
98, c, 99, 0
62, g, 29, 49
54, H, 61, 44
85, t, 57, 7
48, s, 76, 47
39, a, 19, 25
11, u, 62, 41
17, Q, 65, 25
91, R, 89, 31
29, j, 73, 91
62, P, 3, 45
85, r, 9, 79
60, M, 19, 32
99, D, 44, 13
11, i, 64, 61
68, b, 26, 62
50, d, 28, 72
6, p, 81, 41
22, D, 49, 36
37, f, 33, 88
42, O, 88, 95
65, x, 52, 53
98, p, 94, 70
74, F, 71, 31
71, I, 24, 12
95, S, 55, 81
59, P, 39, 11
2, g, 49, 94
0, Z, 85, 97
38, s, 41, 66
5, G, 71, 33
24, z, 31, 13
99, H, 30, 98
94, c, 13, 78
86, O, 29, 12
82, Z, 25, 71
68, Y, 9, 31
92, z, 82, 72
54, B, 4, 90
24, f, 61, 49
52, H, 72, 79
49, g, 83, 89
49, A, 44, 76
70, l, 34, 17
70, r, 73, 42
31, F, 20, 28
77, V, 30, 44
69, i, 19, 52
56, R, 8, 64
85, V, 14, 60
65, C, 55, 43
49, l, 68, 9
98, Y, 23, 39
78, T, 10, 90
98, g, 18, 3
10, R, 30, 73
81, F, 12, 92
14, q, 84, 33
30, k, 96, 20
60, J, 18, 36
55, K, 30, 100
40, y, 99, 19
85, o, 44, 7
90, z, 87, 40
47, j, 61, 84
45, b, 16, 56
28, m, 28, 70
22, u, 19, 44
19, K, 0, 29
23, x, 87, 29
52, b, 43, 37
55, S, 24, 61
4, V, 1, 75
27, N, 94, 43
83, Z, 2, 42
55, I, 16, 74
75, M, 59, 46
53, W, 45, 5
72, M, 8, 100
36, V, 53, 61
2, O, 38, 88
48, w, 42, 77
76, A, 0, 24
85, L, 1, 25
7, K, 44, 13
26, G, 42, 10
17, o, 43, 7
8, B, 20, 57
87, b, 48, 35
45, o, 57, 69
81, R, 72, 66
47, E, 43, 88
22, r, 71, 83
70, q, 62, 74
54, y, 65, 12
83, d, 31, 3
5, d, 14, 25
46, V, 14, 44
46, P, 10, 74
100, l, 8, 51
62, P, 62, 1
70, X, 78, 32
11, e, 81, 7
3, k, 70, 46
40, I, 7, 15
71, y, 55, 82
31, t, 46, 21
52, o, 64, 42
93, z, 84, 27
36, n, 38, 48
30, W, 11, 87
58, i, 25, 36
46, P, 19, 32
66, z, 0, 71
66, k, 87, 75
18, Y, 83, 53
28, P, 29, 96
37, V, 59, 73
67, C, 9, 46
22, g, 15, 52
69, l, 45, 86
9, Y, 77, 3
10, K, 50, 68
88, I, 71, 77
54, j, 29, 43
21, d, 8, 37
40, A, 2, 60
2, q, 43, 15
0, E, 28, 32
9, Q, 12, 89
94, M, 91, 95
42, a, 65, 85
35, i, 40, 13
18, o, 68, 4
70, P, 87, 93
14, k, 75, 81
4, X, 95, 93
34, x, 38, 98
45, X, 82, 69
9, N, 88, 32
72, y, 28, 51
92, J, 69, 28
82, E, 75, 90
88, R, 49, 69
57, R, 15, 32
43, R, 33, 67
38, x, 70, 5
68, q, 4, 89
64, N, 34, 70
91, S, 23, 41
73, O, 25, 96
36, l, 76, 83
38, c, 9, 6
29, g, 75, 85
69, T, 54, 89
18, Y, 71, 10
80, Z, 82, 56
55, K, 11, 75
38, Z, 38, 2
36, N, 17, 94
92, u, 48, 67
67, z, 48, 29
72, a, 45, 15
47, R, 64, 8
53, D, 32, 49
69, k, 37, 19
39, c, 28, 15
95, d, 94, 1
91, L, 36, 4
15, a, 5, 66
97, H, 45, 55
100, B, 31, 93
28, P, 28, 48
32, T, 62, 24
57, G, 1, 25
46, i, 54, 69
24, z, 3, 52
17, t, 20, 49
51, B, 0, 81
21, h, 1, 80
98, M, 99, 76
90, q, 42, 71
59, B, 89, 98
0, L, 59, 1
20, e, 93, 98
21, W, 30, 9
0, F, 31, 95
78, I, 88, 17
57, J, 5, 42
87, z, 46, 17
32, F, 14, 76
30, I, 94, 71
98, q, 71, 69
94, U, 92, 75
26, B, 0, 64
83, m, 70, 3
8, z, 62, 91
97, D, 97, 36
96, k, 87, 25
53, v, 70, 48
18, X, 46, 36
38, s, 18, 89
14, V, 44, 22
8, y, 23, 27
26, j, 100, 77
65, U, 14, 23
5, R, 33, 89
32, H, 41, 95
57, h, 73, 61
14, k, 80, 19
90, q, 87, 39
50, D, 64, 69
61, G, 41, 85
18, x, 39, 61
56, J, 19, 75
12, O, 10, 59
89, U, 20, 75
52, f, 65, 4
16, j, 30, 29
74, t, 14, 14
96, B, 34, 42
33, y, 97, 92
10, v, 80, 46
68, T, 37, 61
82, T, 40, 16
26, O, 15, 35
88, m, 40, 58
61, e, 49, 12
41, Y, 19, 0
37, i, 36, 25
36, X, 28, 22
23, q, 36, 49
25, m, 53, 55
94, J, 18, 19
16, S, 66, 37
90, g, 96, 78
68, l, 85, 47
16, V, 31, 83
75, g, 24, 53
45, O, 19, 17
63, T, 10, 98
56, N, 77, 44
26, j, 60, 34
71, T, 25, 59
30, G, 47, 11
76, X, 39, 70
6, u, 85, 83
96, K, 75, 15
33, i, 44, 86
91, y, 34, 56
52, r, 33, 17
5, P, 14, 22
0, R, 100, 76
58, V, 27, 66
70, N, 4, 43
42, c, 38, 48
97, j, 1, 39
73, s, 35, 46
90, y, 92, 18
35, H, 20, 94
90, f, 71, 92
70, N, 65, 53
44, G, 94, 94
0, z, 32, 0
15, F, 63, 30
2, s, 26, 53
100, z, 60, 6
35, f, 91, 18
93, s, 54, 1
5, S, 90, 44
22, C, 76, 28
51, C, 71, 67
17, N, 78, 35
83, f, 49, 95
71, h, 10, 37
66, P, 9, 2
12, b, 80, 11
90, u, 34, 60
85, T, 36, 16
61, S, 76, 94
19, W, 97, 11
45, S, 0, 5
86, L, 75, 38
37, t, 8, 47
35, K, 20, 9
21, v, 85, 29
33, Q, 60, 41
100, w, 92, 76
66, M, 30, 60
68, S, 5, 7
2, s, 48, 66
30, I, 60, 32
80, O, 11, 97
48, G, 71, 7
49, W, 55, 79
92, R, 71, 79
28, u, 29, 69
60, f, 30, 98
77, q, 28, 91
76, o, 1, 91
45, J, 72, 92
46, G, 71, 16
73, v, 47, 13
39, p, 86, 0
54, H, 75, 99
20, r, 85, 28
72, k, 40, 47
1, s, 58, 90
76, I, 57, 23
27, O, 31, 59
92, x, 31, 20
95, X, 25, 56
72, O, 15, 32
72, f, 63, 83
82, S, 48, 27
11, K, 45, 19
81, M, 46, 4
28, V, 1, 88
9, a, 25, 60
32, A, 31, 31
80, p, 89, 61
76, r, 85, 68
51, C, 92, 30
30, w, 10, 47
41, I, 49, 69
40, J, 57, 12
75, x, 63, 95
48, i, 85, 58
26, B, 54, 71
72, f, 21, 42
28, n, 4, 0
94, W, 29, 52
11, w, 44, 20
87, p, 90, 51
76, F, 50, 83
68, v, 38, 84
15, J, 44, 12
25, A, 61, 19
87, h, 98, 34
55, a, 28, 37
46, B, 27, 80
0, j, 16, 23
40, e, 71, 57
47, e, 99, 52
91, O, 15, 75
76, B, 88, 97
28, R, 1, 33
94, I, 55, 42
8, e, 5, 17
82, a, 8, 15
69, c, 47, 42
46, F, 37, 65
25, S, 23, 58
18, e, 90, 35
95, h, 93, 81
34, i, 79, 92
63, a, 7, 17
82, n, 38, 35
100, g, 43, 90
38, D, 10, 94
50, W, 49, 6
13, l, 65, 14
97, L, 23, 74
91, K, 63, 33
